l1.weight, Parameter containing:
tensor([[-2.1918e-01, -9.6503e-02, -3.6377e-01,  1.0389e-01, -1.0718e-01,
         -9.3983e-02],
        [ 3.5107e-01, -1.8074e-01,  2.4231e-01,  3.7215e+02, -7.2199e+00,
         -5.6274e-01],
        [ 1.3054e-02,  2.2792e-02,  3.8297e-01,  1.9674e-01,  3.7259e-02,
          4.3308e-01],
        [-5.6848e-01, -1.0290e-01,  1.4337e-02, -1.1569e+02,  7.1754e-01,
          1.3170e+00],
        [-2.3776e-01, -1.5118e-02,  1.7256e-01,  5.4023e+02,  1.3013e+00,
         -2.2132e-02],
        [ 4.6082e-01,  3.9021e-01, -1.1117e-01,  2.9198e-01,  5.2519e-02,
          4.5423e-01],
        [-1.2410e+00, -2.0860e-02,  5.2907e-03, -1.8487e+01,  2.7097e+00,
          4.3938e-01],
        [-4.6228e-01, -3.9443e-01,  7.1673e-02, -2.7515e-03, -6.1114e-01,
         -2.2405e-01],
        [-4.1228e-01, -4.6716e-02,  2.3543e-01, -4.3634e+02, -9.0034e-01,
          6.3829e-01],
        [-2.9868e+00, -2.5874e-01,  2.1653e+00,  8.6180e+02, -6.6304e+00,
          1.9825e+00],
        [ 3.3232e-01,  1.6656e-01,  3.3437e-01, -2.9563e-01,  1.6443e-01,
          6.2596e-02],
        [ 1.9459e-01,  4.0792e-01,  2.2937e-01,  4.3854e-02,  2.7995e-01,
          3.2878e-01],
        [-5.0175e-02, -2.4812e-01, -3.5610e-01,  2.7938e-01,  2.6075e-01,
         -1.9362e-01],
        [-3.6013e-01, -3.1616e-01, -3.8852e-02, -2.5720e-01,  3.2257e-01,
         -3.2986e-01],
        [ 3.7199e-01,  4.0688e-02, -1.9292e-01,  7.8002e+01,  8.1359e-01,
         -3.6857e-01],
        [-8.5770e-01, -6.6275e-01, -5.8097e-01, -5.3673e-01, -2.5641e-01,
         -9.3321e-01],
        [ 7.3148e-02, -5.3723e-01, -5.0565e-02,  1.8045e-01,  2.4122e-02,
         -1.4073e-01],
        [ 1.9534e-01, -2.0070e-01, -5.2957e-02, -1.1045e+00,  3.7490e-01,
          2.4472e-01],
        [-2.5901e-01, -2.2801e-01, -5.7098e-02, -2.0116e-01,  2.7644e-01,
         -4.1407e-01],
        [-1.7060e+00, -6.8842e-02,  9.4898e-01, -1.2318e+02, -8.5423e-01,
          1.3519e+00]], requires_grad=True)
l1.bias, Parameter containing:
tensor([-0.0294, -1.4266,  0.5194, -0.0796, -0.3481,  0.2761, -0.7368,  0.1036,
        -0.6687, -4.7046,  0.1062,  0.1814,  0.2899,  0.1665, -3.4854, -0.9302,
        -0.1387, -0.3695,  0.0557,  5.3984], requires_grad=True)
l2.weight, Parameter containing:
tensor([[-0.1770,  1.2503,  0.0754, -0.3512,  1.8893, -0.0243, -0.5703,  0.0454,
         -1.1477,  0.2393,  0.0814, -0.0819, -0.2099,  0.0859,  0.8421,  0.0229,
         -0.3604, -0.3654, -0.3089, -0.5321]], requires_grad=True)
l2.bias, Parameter containing:
tensor([0.3052], requires_grad=True)
