l1.weight, Parameter containing:
tensor([[ 4.7318e-01,  1.0327e-02,  3.1799e-01,  3.4194e-01, -6.8346e-02,
          2.3156e-01],
        [-3.0291e-01, -4.7275e-01,  1.1116e-03, -1.1222e-01,  2.0799e-01,
          2.0249e-01],
        [ 1.2999e-01,  2.0607e-01,  1.5621e-01, -3.9616e-01,  3.9155e-01,
          4.5241e-01],
        [-2.7807e+00,  8.4872e-01,  4.1655e-01, -2.5101e+02, -4.2488e-01,
          6.2813e-01],
        [-4.4492e-01, -4.6409e-02, -5.0891e-01, -5.6930e-02,  2.8557e-01,
          2.2410e-02],
        [ 2.5539e-01,  3.5712e-01,  5.9997e-01,  3.1680e-01,  1.3267e-02,
          3.9459e-01],
        [ 2.8268e-01,  8.5261e-01,  4.0265e-01,  3.8746e-01,  6.8418e-01,
          3.2910e-01],
        [ 1.2884e-01, -7.3032e-03,  2.2750e-02,  1.5969e+02,  6.0492e-01,
         -4.6081e-01],
        [ 2.0639e-01, -4.8053e-01, -1.6757e-01,  1.3868e-01, -3.1858e-01,
         -1.6993e-01],
        [ 1.5841e-01, -2.0506e-01,  2.1903e-02, -6.1216e+01,  1.2554e-01,
          2.0959e-01],
        [ 4.4567e-01,  5.1284e-01,  4.2933e-02, -1.6098e-01,  9.9283e-02,
         -1.1709e-01],
        [-4.5613e-01, -5.3548e-02, -4.7419e-01, -5.3559e-01, -4.0995e-01,
         -7.2188e-01],
        [-1.2052e-01,  1.8415e-02,  5.3881e-01,  3.8932e-01,  5.6660e-01,
          5.2170e-01],
        [ 1.5951e-01, -4.5684e-01, -4.8799e-01,  3.5480e-01, -2.8395e-01,
          2.3710e-01],
        [-1.8152e-01,  9.0365e-01, -8.0025e-01, -2.7446e+02,  5.4534e-01,
         -1.2154e+00],
        [-1.8382e+00,  5.7290e-01,  2.9231e-01,  1.7671e+02,  4.3271e-01,
          6.6516e-01],
        [-2.0613e+00,  1.7957e-02, -5.4183e-03, -3.3997e+00,  4.0146e+00,
          5.1604e-01],
        [ 2.9275e-01,  1.8705e-01,  4.0495e-01, -2.8107e-02,  3.0485e-01,
          1.3443e-02],
        [ 1.6281e-01, -7.9598e-01,  6.7972e-01, -5.7058e+02, -6.3849e-01,
          1.2053e+00],
        [-1.2724e+00, -5.5344e-03,  3.6162e-02,  3.5036e+02,  2.5629e-01,
          2.0419e+00]], requires_grad=True)
l1.bias, Parameter containing:
tensor([ 0.2696,  0.1615, -0.0514,  4.5940,  0.2224,  0.1346,  0.2080, -1.2857,
         0.0108, -0.3183,  0.2996, -0.1879,  0.2376,  0.3330, -1.2076, -0.5746,
         0.3938, -0.1906,  1.4756,  1.8853], requires_grad=True)
l2.weight, Parameter containing:
tensor([[-0.1677,  0.0106,  0.1561, -0.9150,  0.0745,  0.1027,  0.0574,  1.2561,
         -0.2223, -0.4589, -0.0801,  0.1037, -0.0248, -0.1315, -1.9948,  0.9684,
         -0.8004,  0.2482, -2.0828, -0.4527]], requires_grad=True)
l2.bias, Parameter containing:
tensor([0.2300], requires_grad=True)
