3.602730989456176758e+00
2.162824153900146484e+00
2.373069047927856445e+00
2.335500001907348633e+00
2.104805707931518555e+00
2.100116014480590820e+00
2.059932231903076172e+00
1.713422060012817383e+00
1.526306271553039551e+00
1.502871036529541016e+00
1.549489855766296387e+00
1.502733111381530762e+00
1.440106153488159180e+00
1.370161414146423340e+00
1.290185809135437012e+00
1.181548476219177246e+00
1.085796356201171875e+00
1.011999249458312988e+00
9.712486267089843750e-01
9.464039802551269531e-01
9.017130136489868164e-01
8.694009780883789062e-01
8.470089435577392578e-01
8.118377327919006348e-01
7.757854461669921875e-01
7.410824298858642578e-01
7.090927958488464355e-01
6.896389126777648926e-01
6.859250068664550781e-01
6.768292188644409180e-01
6.597455143928527832e-01
6.548702716827392578e-01
6.448423862457275391e-01
6.346355676651000977e-01
6.257767081260681152e-01
6.173765063285827637e-01
6.128878593444824219e-01
6.103516817092895508e-01
6.054675579071044922e-01
5.989753007888793945e-01
5.946148633956909180e-01
5.906218290328979492e-01
5.848731398582458496e-01
5.782080888748168945e-01
5.718108415603637695e-01
5.680693387985229492e-01
5.663975477218627930e-01
5.610506534576416016e-01
5.586889982223510742e-01
5.545359849929809570e-01
5.479941964149475098e-01
5.422430038452148438e-01
5.389170050621032715e-01
5.383830070495605469e-01
5.347154736518859863e-01
5.299639105796813965e-01
5.258341431617736816e-01
5.240977406501770020e-01
5.237764120101928711e-01
5.205044746398925781e-01
5.167605280876159668e-01
5.140897035598754883e-01
5.123198032379150391e-01
5.113050937652587891e-01
5.093744993209838867e-01
5.065244436264038086e-01
5.038827061653137207e-01
5.021349787712097168e-01
5.010356903076171875e-01
4.998193085193634033e-01
4.982855319976806641e-01
4.962744116783142090e-01
4.942900240421295166e-01
4.927130639553070068e-01
4.909907877445220947e-01
4.895881116390228271e-01
4.883756041526794434e-01
4.870098233222961426e-01
4.860163033008575439e-01
4.857459068298339844e-01
4.874160289764404297e-01
4.949307441711425781e-01
5.109132528305053711e-01
5.414955615997314453e-01
5.105562210083007812e-01
4.813022613525390625e-01
4.970036447048187256e-01
5.040127038955688477e-01
4.870856702327728271e-01
4.753497838973999023e-01
4.907334148883819580e-01
4.976203739643096924e-01
4.755139946937561035e-01
4.774834215641021729e-01
4.914054274559020996e-01
4.775387644767761230e-01
4.701427221298217773e-01
4.794966280460357666e-01
4.763875007629394531e-01
4.677085578441619873e-01
4.693526029586791992e-01
4.740505814552307129e-01
4.714820981025695801e-01
4.648112952709197998e-01
4.661383628845214844e-01
4.697023630142211914e-01
4.659346938133239746e-01
4.617551565170288086e-01
4.624374806880950928e-01
4.647262990474700928e-01
4.643867611885070801e-01
4.605900347232818604e-01
4.584303498268127441e-01
4.593152403831481934e-01
4.604381918907165527e-01
4.599072635173797607e-01
4.575167596340179443e-01
4.555970132350921631e-01
4.550901651382446289e-01
4.556623697280883789e-01
4.564033150672912598e-01
4.563059508800506592e-01
4.557698965072631836e-01
4.542859196662902832e-01
4.527174830436706543e-01
4.512869119644165039e-01
4.502544105052947998e-01
4.495091736316680908e-01
4.490207433700561523e-01
4.487499594688415527e-01
4.487516880035400391e-01
4.494576156139373779e-01
4.513517618179321289e-01
4.568748474121093750e-01
4.663904905319213867e-01
4.879289269447326660e-01
4.944982826709747314e-01
4.885458052158355713e-01
4.528724253177642822e-01
4.508839249610900879e-01
4.758900403976440430e-01
4.732455015182495117e-01
4.539372324943542480e-01
4.413557052612304688e-01
4.525133073329925537e-01
4.690527021884918213e-01
4.601804912090301514e-01
4.442993104457855225e-01
4.397250413894653320e-01
4.491715133190155029e-01
4.529033005237579346e-01
4.418680369853973389e-01
4.370029270648956299e-01
4.430986344814300537e-01
4.464526474475860596e-01
4.427085220813751221e-01
4.356248974800109863e-01
4.346860051155090332e-01
4.387934803962707520e-01
4.405065774917602539e-01
4.381539821624755859e-01
4.332219958305358887e-01
4.313986301422119141e-01
4.332072734832763672e-01
4.351117312908172607e-01
4.350938796997070312e-01
4.322820305824279785e-01
4.293970763683319092e-01
4.277969300746917725e-01
4.279040098190307617e-01
4.290189445018768311e-01
4.302029609680175781e-01
4.316263198852539062e-01
4.317999184131622314e-01
4.319082498550415039e-01
4.300942420959472656e-01
4.280496239662170410e-01
4.251869618892669678e-01
4.228297472000122070e-01
4.210557639598846436e-01
4.199913740158081055e-01
4.194319546222686768e-01
4.193111360073089600e-01
4.200539886951446533e-01
4.227133393287658691e-01
4.314420819282531738e-01
4.493518471717834473e-01
4.935581982135772705e-01
5.081598162651062012e-01
4.862073957920074463e-01
4.236118197441101074e-01
4.470564723014831543e-01
4.845849275588989258e-01
4.362936913967132568e-01
4.159283638000488281e-01
4.502008557319641113e-01
4.564957022666931152e-01
4.339280724525451660e-01
4.094930589199066162e-01
4.238302111625671387e-01
4.397867619991302490e-01
4.183924496173858643e-01
4.078236520290374756e-01
4.223766624927520752e-01
4.237410128116607666e-01
4.096821248531341553e-01
4.041170179843902588e-01
4.136228561401367188e-01
4.185183048248291016e-01
4.077006280422210693e-01
4.006452560424804688e-01
4.046796858310699463e-01
4.088168144226074219e-01
4.054940342903137207e-01
3.986266553401947021e-01
3.982374370098114014e-01
4.021181464195251465e-01
4.019192457199096680e-01
3.978018760681152344e-01
3.940727710723876953e-01
3.942289054393768311e-01
3.965225815773010254e-01
3.972635567188262939e-01
3.959376513957977295e-01
3.925740122795104980e-01
3.898290991783142090e-01
3.888736069202423096e-01
3.893966376781463623e-01
3.902678489685058594e-01
3.902353942394256592e-01
3.894352614879608154e-01
3.876996934413909912e-01
3.859989941120147705e-01
3.844020962715148926e-01
3.831613063812255859e-01
3.821945488452911377e-01
3.814155459403991699e-01
3.807958960533142090e-01
3.803221583366394043e-01
3.800705969333648682e-01
3.802145719528198242e-01
3.813349306583404541e-01
3.842191696166992188e-01
3.923980593681335449e-01
4.074988365173339844e-01
4.451170861721038818e-01
4.715744853019714355e-01
4.972461760044097900e-01
4.212988317012786865e-01
3.786476254463195801e-01
4.163569808006286621e-01
4.423233568668365479e-01
4.168336391448974609e-01
3.774157166481018066e-01
3.968394696712493896e-01
4.305643439292907715e-01
4.044566154479980469e-01
3.737014234066009521e-01
3.798800706863403320e-01
3.973369896411895752e-01
3.926406204700469971e-01
3.719758987426757812e-01
3.728649318218231201e-01
3.869900107383728027e-01
3.822216689586639404e-01
3.690468370914459229e-01
3.699451684951782227e-01
3.788703680038452148e-01
3.773550689220428467e-01
3.674742877483367920e-01
3.670999407768249512e-01
3.734182417392730713e-01
3.726805150508880615e-01
3.664753139019012451e-01
3.635268211364746094e-01
3.666774630546569824e-01
3.687801361083984375e-01
3.655068576335906982e-01
3.621842861175537109e-01
3.624320924282073975e-01
3.644870519638061523e-01
3.647104799747467041e-01
3.621527254581451416e-01
3.601568043231964111e-01
3.603363335132598877e-01
3.614937961101531982e-01
3.618886470794677734e-01
3.605962991714477539e-01
3.589156568050384521e-01
3.580917119979858398e-01
3.582935929298400879e-01
3.588726520538330078e-01
3.590155839920043945e-01
3.584859967231750488e-01
3.574599027633666992e-01
3.565515279769897461e-01
3.559581637382507324e-01
3.557657301425933838e-01
3.558333814144134521e-01
3.559503853321075439e-01
3.560710251331329346e-01
3.560682237148284912e-01
3.560707867145538330e-01
3.559656739234924316e-01
3.559600710868835449e-01
3.559534847736358643e-01
3.563074469566345215e-01
3.568579554557800293e-01
3.583012223243713379e-01
3.602705895900726318e-01
3.646941483020782471e-01
3.703846335411071777e-01
3.830116391181945801e-01
3.938196897506713867e-01
4.138910174369812012e-01
4.082630872726440430e-01
3.976731598377227783e-01
3.673853576183319092e-01
3.522831797599792480e-01
3.582999706268310547e-01
3.749423921108245850e-01
3.917174935340881348e-01
3.837044239044189453e-01
3.665095865726470947e-01
3.519176542758941650e-01
3.541481196880340576e-01
3.669062852859497070e-01
3.756141364574432373e-01
3.758819401264190674e-01
3.610261082649230957e-01
3.508429825305938721e-01
3.511221408843994141e-01
3.582019507884979248e-01
3.659730255603790283e-01
3.637209236621856689e-01
3.559837937355041504e-01
3.497028052806854248e-01
3.496549129486083984e-01
3.539882600307464600e-01
3.581761121749877930e-01
3.584955632686614990e-01
3.537909388542175293e-01
3.497066795825958252e-01
3.477035760879516602e-01
3.485341370105743408e-01
3.510553240776062012e-01
3.527524471282958984e-01
3.536528944969177246e-01
3.528507947921752930e-01
3.515449166297912598e-01
3.495834767818450928e-01
3.478671014308929443e-01
3.466824591159820557e-01
3.462439179420471191e-01
3.462999463081359863e-01
3.468076586723327637e-01
3.476086556911468506e-01
3.485827445983886719e-01
3.502230644226074219e-01
3.523338735103607178e-01
3.564978539943695068e-01
3.612169921398162842e-01
3.704440593719482422e-01
3.782600760459899902e-01
3.944191634654998779e-01
3.963456153869628906e-01
3.976414799690246582e-01
3.736654818058013916e-01
3.535335659980773926e-01
3.452790677547454834e-01
3.518148958683013916e-01
3.665665090084075928e-01
3.749309480190277100e-01
3.756431639194488525e-01
3.607761561870574951e-01
3.486087918281555176e-01
3.444412946701049805e-01
3.491694033145904541e-01
3.581468164920806885e-01
3.626705110073089600e-01
3.633786141872406006e-01
3.563146591186523438e-01
3.493588566780090332e-01
3.444176614284515381e-01
3.439159393310546875e-01
3.469558358192443848e-01
3.507196307182312012e-01
3.536276221275329590e-01
3.528913259506225586e-01
3.507726788520812988e-01
3.469880521297454834e-01
3.440879285335540771e-01
3.427134156227111816e-01
3.430147767066955566e-01
3.444593846797943115e-01
3.463055193424224854e-01
3.486246168613433838e-01
3.505976498126983643e-01
3.534857034683227539e-01
3.551090359687805176e-01
3.580936491489410400e-01
3.587831258773803711e-01
3.614641726016998291e-01
3.608107566833496094e-01
3.617856800556182861e-01
3.584825396537780762e-01
3.559207022190093994e-01
3.509576022624969482e-01
3.472202718257904053e-01
3.439628183841705322e-01
3.420390188694000244e-01
3.411352634429931641e-01
3.410726189613342285e-01
3.416603207588195801e-01
3.427948057651519775e-01
3.447136580944061279e-01
3.474731743335723877e-01
3.528229594230651855e-01
3.601493239402770996e-01
3.757970035076141357e-01
3.907876610755920410e-01
4.190813899040222168e-01
4.154795706272125244e-01
4.040234982967376709e-01
3.622367680072784424e-01
3.417800366878509521e-01
3.525452613830566406e-01
3.759489655494689941e-01
3.942731618881225586e-01
3.742606341838836670e-01
3.478212654590606689e-01
3.429870605468750000e-01
3.598112463951110840e-01
3.783142864704132080e-01
3.714541792869567871e-01
3.508929312229156494e-01
3.406816124916076660e-01
3.529034554958343506e-01
3.694003820419311523e-01
3.697648048400878906e-01
3.558167517185211182e-01
3.405706286430358887e-01
3.471928834915161133e-01
3.629435896873474121e-01
3.654578924179077148e-01
3.567560017108917236e-01
3.419274687767028809e-01
3.434493541717529297e-01
3.574230074882507324e-01
3.615942001342773438e-01
3.572708070278167725e-01
3.443986177444458008e-01
3.401171863079071045e-01
3.502137362957000732e-01
3.578622341156005859e-01
3.588400185108184814e-01
3.493914902210235596e-01
3.395961523056030273e-01
3.423839807510375977e-01
3.516286611557006836e-01
3.578031063079833984e-01
3.549899458885192871e-01
3.448183834552764893e-01
3.385820686817169189e-01
3.436183631420135498e-01
3.510374426841735840e-01
3.549323081970214844e-01
3.519514203071594238e-01
3.417806029319763184e-01
3.386015892028808594e-01
3.418093323707580566e-01
3.469805121421813965e-01
3.514426052570343018e-01
3.472737669944763184e-01
3.413964807987213135e-01
3.384746313095092773e-01
3.380372524261474609e-01
3.407639861106872559e-01
3.433686494827270508e-01
3.439376950263977051e-01
3.430242538452148438e-01
3.413398563861846924e-01
3.393009305000305176e-01
3.378601074218750000e-01
3.367911875247955322e-01
3.369659185409545898e-01
3.376226723194122314e-01
3.386321663856506348e-01
3.401570618152618408e-01
3.411329984664916992e-01
3.426670730113983154e-01
3.441544473171234131e-01
3.471294045448303223e-01
3.497305810451507568e-01
3.541432917118072510e-01
3.565573096275329590e-01
3.631427288055419922e-01
3.655702769756317139e-01
3.714689314365386963e-01
3.660548329353332520e-01
3.609670400619506836e-01
3.498794436454772949e-01
3.418303132057189941e-01
3.366531133651733398e-01
3.357154726982116699e-01
3.381407856941223145e-01
3.423528671264648438e-01
3.478672504425048828e-01
3.515865504741668701e-01
3.557305634021759033e-01
3.544734716415405273e-01
3.535324633121490479e-01
3.484130799770355225e-01
3.442612290382385254e-01
3.395861089229583740e-01
3.365343809127807617e-01
3.349240720272064209e-01
3.346123695373535156e-01
3.352617919445037842e-01
3.366420269012451172e-01
3.388808965682983398e-01
3.417965471744537354e-01
3.469990193843841553e-01
3.530713617801666260e-01
3.651581108570098877e-01
3.750008642673492432e-01
3.949988484382629395e-01
3.962632715702056885e-01
3.996715545654296875e-01
3.716695010662078857e-01
3.473463952541351318e-01
3.348265886306762695e-01
3.408528566360473633e-01
3.575265705585479736e-01
3.673578798770904541e-01
3.679099678993225098e-01
3.506883382797241211e-01
3.373711109161376953e-01
3.347448110580444336e-01
3.419585525989532471e-01
3.518618941307067871e-01
3.528044819831848145e-01
3.480006456375122070e-01
3.390600979328155518e-01
3.339964151382446289e-01
3.342173993587493896e-01
3.381902873516082764e-01
3.430099487304687500e-01
3.447909951210021973e-01
3.449255228042602539e-01
3.414664268493652344e-01
3.379321694374084473e-01
3.345376849174499512e-01
3.327532410621643066e-01
3.327036798000335693e-01
3.339664936065673828e-01
3.360755145549774170e-01
3.383210003376007080e-01
3.413267731666564941e-01
3.437151014804840088e-01
3.476442098617553711e-01
3.496868014335632324e-01
3.537074327468872070e-01
3.535651564598083496e-01
3.553619384765625000e-01
3.520848453044891357e-01
3.500991165637969971e-01
3.443967700004577637e-01
3.398719727993011475e-01
3.354025781154632568e-01
3.326957523822784424e-01
3.314227759838104248e-01
3.313743472099304199e-01
3.322405219078063965e-01
3.337687253952026367e-01
3.360832035541534424e-01
3.387970924377441406e-01
3.433865010738372803e-01
3.482765555381774902e-01
3.581595718860626221e-01
3.666709065437316895e-01
3.845237493515014648e-01
3.885495364665985107e-01
3.963429629802703857e-01
3.745100796222686768e-01
3.532315492630004883e-01
3.346089720726013184e-01
3.321100473403930664e-01
3.426860272884368896e-01
3.554948270320892334e-01
3.652951717376708984e-01
3.576576411724090576e-01
3.463260531425476074e-01
3.342414200305938721e-01
3.305608332157135010e-01
3.349702656269073486e-01
3.421169221401214600e-01
3.481183052062988281e-01
3.467229902744293213e-01
3.430710434913635254e-01
3.363637924194335938e-01
3.315734267234802246e-01
3.295611739158630371e-01
3.304076790809631348e-01
3.331257700920104980e-01
3.363101184368133545e-01
3.400068879127502441e-01
3.419429957866668701e-01
3.441971838474273682e-01
3.435583114624023438e-01
3.437080979347229004e-01
3.414050340652465820e-01
3.399798274040222168e-01
3.371876478195190430e-01
3.353309333324432373e-01
3.332512378692626953e-01
3.318756818771362305e-01
3.306660354137420654e-01
3.299244940280914307e-01
3.293881714344024658e-01
3.290990889072418213e-01
3.289333879947662354e-01
3.289734423160552979e-01
3.291902244091033936e-01
3.298233747482299805e-01
3.310364186763763428e-01
3.338555395603179932e-01
3.389399945735931396e-01
3.510410189628601074e-01
3.701594769954681396e-01
4.157516062259674072e-01
4.514281451702117920e-01
5.116158723831176758e-01
4.392927289009094238e-01
3.589863777160644531e-01
3.354237079620361328e-01
3.901079595088958740e-01
4.446540474891662598e-01
3.921324610710144043e-01
3.349581658840179443e-01
3.593614101409912109e-01
4.088909626007080078e-01
4.092860519886016846e-01
3.502097427845001221e-01
3.452909886837005615e-01
3.854038119316101074e-01
3.734996020793914795e-01
3.361442089080810547e-01
3.361823558807373047e-01
3.575919866561889648e-01
3.497151434421539307e-01
3.310284018516540527e-01
3.365100920200347900e-01
3.506161868572235107e-01
3.445898592472076416e-01
3.303785622119903564e-01
3.323411345481872559e-01
3.442813158035278320e-01
3.436544239521026611e-01
3.317100107669830322e-01
3.292722105979919434e-01
3.358194530010223389e-01
3.386898338794708252e-01
3.336199223995208740e-01
3.274677097797393799e-01
3.292480707168579102e-01
3.332645595073699951e-01
3.322252035140991211e-01
3.286306858062744141e-01
3.267076611518859863e-01
3.285523056983947754e-01
3.305267691612243652e-01
3.290990293025970459e-01
3.268736898899078369e-01
3.262686133384704590e-01
3.273516595363616943e-01
3.284826278686523438e-01
3.277858793735504150e-01
3.263050019741058350e-01
3.255772292613983154e-01
3.258333504199981689e-01
3.265738189220428467e-01
3.267750442028045654e-01
3.261671960353851318e-01
3.253486454486846924e-01
3.248149752616882324e-01
3.247424364089965820e-01
3.250353336334228516e-01
3.252927958965301514e-01
3.253434896469116211e-01
3.251951634883880615e-01
3.248243927955627441e-01
3.244443535804748535e-01
3.240484893321990967e-01
3.237382471561431885e-01
3.235388994216918945e-01
3.233914375305175781e-01
3.233222663402557373e-01
3.232941627502441406e-01
3.233052790164947510e-01
3.233985900878906250e-01
3.236219584941864014e-01
3.240726888179779053e-01
3.250430822372436523e-01
3.267857134342193604e-01
3.307016789913177490e-01
3.376534283161163330e-01
3.542483448982238770e-01
3.784703314304351807e-01
4.347229599952697754e-01
4.632309377193450928e-01
5.024061799049377441e-01
4.049924910068511963e-01
3.329670131206512451e-01
3.481890857219696045e-01
4.043146073818206787e-01
4.255961477756500244e-01
3.579151928424835205e-01
3.316946029663085938e-01
3.814723789691925049e-01
4.018345773220062256e-01
3.727874159812927246e-01
3.328051865100860596e-01
3.484044373035430908e-01
3.791823685169219971e-01
3.563839495182037354e-01
3.262832164764404297e-01
3.333501815795898438e-01
3.496168851852416992e-01
3.423160612583160400e-01
3.266676962375640869e-01
3.270132243633270264e-01
3.385213315486907959e-01
3.403498232364654541e-01
3.294734656810760498e-01
3.227882981300354004e-01
3.299071192741394043e-01
3.371155261993408203e-01
3.336827754974365234e-01
3.259180784225463867e-01
3.225918710231781006e-01
3.282036781311035156e-01
3.331342339515686035e-01
3.298252224922180176e-01
3.245465159416198730e-01
3.219813406467437744e-01
3.249158561229705811e-01
3.288519680500030518e-01
3.274319469928741455e-01
3.239525258541107178e-01
3.215393126010894775e-01
3.222081661224365234e-01
3.249532878398895264e-01
3.255745172500610352e-01
3.240887820720672607e-01
3.218516707420349121e-01
3.204539120197296143e-01
3.211577534675598145e-01
3.226305842399597168e-01
3.234278261661529541e-01
3.231762349605560303e-01
3.218871653079986572e-01
3.204126656055450439e-01
3.197333514690399170e-01
3.195474147796630859e-01
3.200257420539855957e-01
3.207198977470397949e-01
3.211795687675476074e-01
3.217338621616363525e-01
3.219786584377288818e-01
3.223671019077301025e-01
3.225689530372619629e-01
3.229227662086486816e-01
3.232629597187042236e-01
3.243201076984405518e-01
3.255555033683776855e-01
3.283323347568511963e-01
3.312866091728210449e-01
3.377225100994110107e-01
3.446502983570098877e-01
3.596597909927368164e-01
3.696428835391998291e-01
3.883482217788696289e-01
3.804827332496643066e-01
3.714459836483001709e-01
3.419908881187438965e-01
3.227108120918273926e-01
3.199153244495391846e-01
3.314006626605987549e-01
3.477276563644409180e-01
3.524320125579833984e-01
3.513302206993103027e-01
3.366350233554840088e-01
3.246741592884063721e-01
3.180535137653350830e-01
3.189260363578796387e-01
3.250772953033447266e-01
3.319235742092132568e-01
3.394969701766967773e-01
3.419907093048095703e-01
3.460108041763305664e-01
3.430270850658416748e-01
3.411319255828857422e-01
3.336016535758972168e-01
3.272781670093536377e-01
3.209639191627502441e-01
3.173069059848785400e-01
3.163502216339111328e-01
3.176573514938354492e-01
3.204922974109649658e-01
3.239809870719909668e-01
3.288731276988983154e-01
3.331886529922485352e-01
3.402688503265380859e-01
3.440090715885162354e-01
3.509331941604614258e-01
3.489387333393096924e-01
3.474491536617279053e-01
3.366760015487670898e-01
3.271958529949188232e-01
3.189838528633117676e-01
3.156295418739318848e-01
3.167489469051361084e-01
3.209108114242553711e-01
3.272506594657897949e-01
3.336452841758728027e-01
3.434787392616271973e-01
3.499761819839477539e-01
3.614883422851562500e-01
3.602655529975891113e-01
3.599831163883209229e-01
3.441655337810516357e-01
3.300323486328125000e-01
3.182680010795593262e-01
3.149742484092712402e-01
3.191709220409393311e-01
3.272018432617187500e-01
3.372879326343536377e-01
3.430474102497100830e-01
3.497402667999267578e-01
3.461998999118804932e-01
3.422635495662689209e-01
3.306556046009063721e-01
3.212186992168426514e-01
3.151067495346069336e-01
3.143230378627777100e-01
3.178484737873077393e-01
3.236953616142272949e-01
3.317874670028686523e-01
3.387223780155181885e-01
3.496187329292297363e-01
3.539161086082458496e-01
3.605535030364990234e-01
3.511026501655578613e-01
3.401252329349517822e-01
3.240260779857635498e-01
3.148505091667175293e-01
3.144656121730804443e-01
3.209195137023925781e-01
3.307213187217712402e-01
3.379245996475219727e-01
3.455935418605804443e-01
3.446579277515411377e-01
3.435431420803070068e-01
3.335487544536590576e-01
3.242297172546386719e-01
3.159610629081726074e-01
3.128153085708618164e-01
3.145765662193298340e-01
3.194994926452636719e-01
3.264766037464141846e-01
3.326682150363922119e-01
3.416909575462341309e-01
3.466998636722564697e-01
3.552214503288269043e-01
3.519126474857330322e-01
3.475072383880615234e-01
3.322760164737701416e-01
3.197129368782043457e-01
3.126377463340759277e-01
3.135568499565124512e-01
3.201955854892730713e-01
3.282481729984283447e-01
3.373791277408599854e-01
3.413653373718261719e-01
3.464274704456329346e-01
3.421905040740966797e-01
3.374938666820526123e-01
3.263223469257354736e-01
3.173451125621795654e-01
3.119229674339294434e-01
3.116405904293060303e-01
3.154262304306030273e-01
3.212997317314147949e-01
3.293307721614837646e-01
3.364805877208709717e-01
3.478846848011016846e-01
3.535209298133850098e-01
3.620675802230834961e-01
3.537202775478363037e-01
3.430199027061462402e-01
3.245841860771179199e-01
3.129868805408477783e-01
3.113386929035186768e-01
3.181064426898956299e-01
3.288929760456085205e-01
3.368501961231231689e-01
3.444927036762237549e-01
3.427762091159820557e-01
3.403762876987457275e-01
3.297714293003082275e-01
3.201817274093627930e-01
3.124203085899353027e-01
3.099075257778167725e-01
3.121843636035919189e-01
3.173957765102386475e-01
3.246240019798278809e-01
3.310774564743041992e-01
3.404905796051025391e-01
3.459780514240264893e-01
3.549103736877441406e-01
3.517085313796997070e-01
3.467981219291687012e-01
3.305448293685913086e-01
3.169927299022674561e-01
3.096946775913238525e-01
3.111906647682189941e-01
3.187277913093566895e-01
3.273020088672637939e-01
3.363854587078094482e-01
3.395052850246429443e-01
3.428978621959686279e-01
3.374125659465789795e-01
3.313796818256378174e-01
3.207665383815765381e-01
3.127411901950836182e-01
3.085605502128601074e-01
3.090088069438934326e-01
3.129611015319824219e-01
3.186736404895782471e-01
3.265243470668792725e-01
3.339236080646514893e-01
3.458150923252105713e-01
3.528042137622833252e-01
3.630543649196624756e-01
3.560898602008819580e-01
3.458856642246246338e-01
3.254874050617218018e-01
3.114604353904724121e-01
3.081985116004943848e-01
3.149303197860717773e-01
3.264662921428680420e-01
3.351298570632934570e-01
3.425161242485046387e-01
3.400144577026367188e-01
3.361983001232147217e-01
3.252576291561126709e-01
3.157553970813751221e-01
3.088132143020629883e-01
3.069880306720733643e-01
3.095995187759399414e-01
3.148597776889801025e-01
3.221139609813690186e-01
3.288781642913818359e-01
3.388301432132720947e-01
3.453595638275146484e-01
3.554912507534027100e-01
3.532244861125946045e-01
3.485668003559112549e-01
3.309568762779235840e-01
3.155799806118011475e-01
3.069937229156494141e-01
3.085280358791351318e-01
3.169709742069244385e-01
3.263284564018249512e-01
3.353804051876068115e-01
3.373892307281494141e-01
3.385519385337829590e-01
3.314831554889678955e-01
3.240329325199127197e-01
3.143383562564849854e-01
3.077958822250366211e-01
3.052867352962493896e-01
3.067394196987152100e-01
3.110324442386627197e-01
3.166953325271606445e-01
3.245667517185211182e-01
3.323222398757934570e-01
3.448535203933715820e-01
3.528972864151000977e-01
3.640664219856262207e-01
3.575206398963928223e-01
3.466157913208007812e-01
3.245626091957092285e-01
3.090300858020782471e-01
3.053857088088989258e-01
3.128413558006286621e-01
3.252927958965301514e-01
3.341528475284576416e-01
3.405857086181640625e-01
3.366191983222961426e-01
3.308238685131072998e-01
3.195143342018127441e-01
3.103973567485809326e-01
3.048589229583740234e-01
3.043019771575927734e-01
3.076957762241363525e-01
3.132661581039428711e-01
3.207632005214691162e-01
3.278267979621887207e-01
3.382623493671417236e-01
3.452948629856109619e-01
3.554924428462982178e-01
3.528034090995788574e-01
3.467291295528411865e-01
3.281046748161315918e-01
3.120400309562683105e-01
3.038366436958312988e-01
3.063108623027801514e-01
3.156354725360870361e-01
3.253148794174194336e-01
3.340569138526916504e-01
3.352912962436676025e-01
3.350408375263214111e-01
3.271334171295166016e-01
3.189740777015686035e-01
3.097787499427795410e-01
3.039948344230651855e-01
3.022557199001312256e-01
3.041694760322570801e-01
3.086620569229125977e-01
3.144267201423645020e-01
3.224676251411437988e-01
3.306888639926910400e-01
3.437390327453613281e-01
3.525892198085784912e-01
3.641066551208496094e-01
3.578608334064483643e-01
3.462144434452056885e-01
3.231256902217864990e-01
3.064988553524017334e-01
3.024165034294128418e-01
3.101728856563568115e-01
3.231721818447113037e-01
3.324957489967346191e-01
3.387025892734527588e-01
3.343704342842102051e-01
3.277062177658081055e-01
3.160792291164398193e-01
3.068802058696746826e-01
3.016323745250701904e-01
3.014088571071624756e-01
3.050925135612487793e-01
3.109332323074340820e-01
3.187251687049865723e-01
3.262320160865783691e-01
3.370574712753295898e-01
3.445954918861389160e-01
3.547174930572509766e-01
3.518686592578887939e-01
3.447112143039703369e-01
3.254546821117401123e-01
3.088510036468505859e-01
3.007525503635406494e-01
3.036884963512420654e-01
3.135094344615936279e-01
3.235598206520080566e-01
3.323362469673156738e-01
3.335440158843994141e-01
3.327387571334838867e-01
3.244525194168090820e-01
3.157800734043121338e-01
3.064988851547241211e-01
3.007779419422149658e-01
2.992216050624847412e-01
3.013412058353424072e-01
3.060287833213806152e-01
3.120008707046508789e-01
3.202021121978759766e-01
3.287150561809539795e-01
3.417727053165435791e-01
3.508874475955963135e-01
3.619445264339447021e-01
3.560983836650848389e-01
3.441741764545440674e-01
3.211957514286041260e-01
3.040804862976074219e-01
2.991908490657806396e-01
3.062809407711029053e-01
3.190619349479675293e-01
3.291831314563751221e-01
3.363178670406341553e-01
3.334596157073974609e-01
3.276847004890441895e-01
3.160678744316101074e-01
3.060995936393737793e-01
2.994349896907806396e-01
2.978541254997253418e-01
3.005867600440979004e-01
3.060485422611236572e-01
3.135859370231628418e-01
3.214235007762908936e-01
3.323719501495361328e-01
3.413180708885192871e-01
3.532367944717407227e-01
3.536446988582611084e-01
3.494479358196258545e-01
3.303889930248260498e-01
3.113147616386413574e-01
2.989994883537292480e-01
2.989129126071929932e-01
3.079811930656433105e-01
3.193447291851043701e-01
3.296894729137420654e-01
3.325619101524353027e-01
3.324572741985321045e-01
3.241508603096008301e-01
3.147921562194824219e-01
3.045362234115600586e-01
2.980497181415557861e-01
2.961754798889160156e-01
2.984358370304107666e-01
3.035421967506408691e-01
3.099946677684783936e-01
3.184753060340881348e-01
3.269837796688079834e-01
3.392489552497863770e-01
3.473803997039794922e-01
3.561172485351562500e-01
3.496748208999633789e-01
3.371850848197937012e-01
3.160883188247680664e-01
3.004982173442840576e-01
2.958829700946807861e-01
3.019315302371978760e-01
3.134821057319641113e-01
3.239440619945526123e-01
3.326599895954132080e-01
3.332516252994537354e-01
3.308711647987365723e-01
3.207280635833740234e-01
3.101836144924163818e-01
3.003843128681182861e-01
2.951777577400207520e-01
2.949361503124237061e-01
2.986082732677459717e-01
3.048553168773651123e-01
3.122142255306243896e-01
3.220337331295013428e-01
3.317085802555084229e-01
3.451206088066101074e-01
3.518056869506835938e-01
3.564892709255218506e-01
3.442072570323944092e-01
3.263925313949584961e-01
3.059549331665039062e-01
2.950507104396820068e-01
2.963955402374267578e-01
3.062170743942260742e-01
3.188587725162506104e-01
3.276848793029785156e-01
3.335765302181243896e-01
3.303211331367492676e-01
3.237839043140411377e-01
3.118237257003784180e-01
3.014174401760101318e-01
2.945821285247802734e-01
2.929992675781250000e-01
2.958882153034210205e-01
3.016093969345092773e-01
3.093571662902832031e-01
3.176534771919250488e-01
3.288631439208984375e-01
3.385150730609893799e-01
3.503537774085998535e-01
3.512338399887084961e-01
3.466643393039703369e-01
3.280046582221984863e-01
3.085610866546630859e-01
2.950723171234130859e-01
2.931916415691375732e-01
3.008155822753906250e-01
3.122743964195251465e-01
3.239860534667968750e-01
3.302111327648162842e-01
3.334005475044250488e-01
3.274802267551422119e-01
3.186729848384857178e-01
3.062492311000823975e-01
2.965979576110839844e-01
2.916700243949890137e-01
2.920661270618438721e-01
2.964739203453063965e-01
3.030911982059478760e-01
3.115977644920349121e-01
3.204723894596099854e-01
3.323810398578643799e-01
3.414686918258666992e-01
3.511950969696044922e-01
3.481183648109436035e-01
3.388024866580963135e-01
3.188596367835998535e-01
3.010674118995666504e-01
2.915236949920654297e-01
2.927291393280029297e-01
3.014873564243316650e-01
3.126294314861297607e-01
3.237944543361663818e-01
3.297471702098846436e-01
3.328180015087127686e-01
3.268786072731018066e-01
3.179277479648590088e-01
3.053096830844879150e-01
2.953587472438812256e-01
2.900854349136352539e-01
2.901152372360229492e-01
2.941641807556152344e-01
3.005310297012329102e-01
3.088976442813873291e-01
3.180901706218719482e-01
3.305487632751464844e-01
3.408623933792114258e-01
3.523890376091003418e-01
3.515013754367828369e-01
3.442569971084594727e-01
3.241636455059051514e-01
3.043041527271270752e-01
2.914068996906280518e-01
2.899398803710937500e-01
2.975344657897949219e-01
3.088314831256866455e-01
3.202834427356719971e-01
3.265907168388366699e-01
3.292911350727081299e-01
3.233979344367980957e-01
3.145639896392822266e-01
3.027378618717193604e-01
2.934847772121429443e-01
2.884507477283477783e-01
2.881135642528533936e-01
2.913931906223297119e-01
2.969206869602203369e-01
3.044655025005340576e-01
3.133898377418518066e-01
3.260447382926940918e-01
3.384351432323455811e-01
3.540990352630615234e-01
3.592187762260437012e-01
3.584208190441131592e-01
3.393126726150512695e-01
3.154169023036956787e-01
2.948312461376190186e-01
2.877410948276519775e-01
2.940532267093658447e-01
3.070804178714752197e-01
3.200664222240447998e-01
3.257648646831512451e-01
3.250797986984252930e-01
3.154313266277313232e-01
3.037827312946319580e-01
2.929943501949310303e-01
2.871706783771514893e-01
2.867651581764221191e-01
2.906368672847747803e-01
2.972545325756072998e-01
3.049944937229156494e-01
3.144986033439636230e-01
3.237716853618621826e-01
3.356471657752990723e-01
3.427796661853790283e-01
3.481262326240539551e-01
3.400845825672149658e-01
3.255945146083831787e-01
3.056168258190155029e-01
2.907979786396026611e-01
2.856335341930389404e-01
2.897532582283020020e-01
2.994282543659210205e-01
3.102154433727264404e-01
3.203531503677368164e-01
3.251267075538635254e-01
3.262188136577606201e-01
3.192215859889984131e-01
3.094854056835174561e-01
2.977420091629028320e-01
2.889701426029205322e-01
2.847357094287872314e-01
2.850793302059173584e-01
2.887665331363677979e-01
2.945479452610015869e-01
3.024635314941406250e-01
3.121651709079742432e-01
3.261798620223999023e-01
3.406268656253814697e-01
3.594070672988891602e-01
3.677578270435333252e-01
3.690895736217498779e-01
3.480744361877441406e-01
3.186469674110412598e-01
2.928416132926940918e-01
2.848882079124450684e-01
2.946547269821166992e-01
3.113421201705932617e-01
3.239475786685943604e-01
3.238269686698913574e-01
3.141509294509887695e-01
2.989614605903625488e-01
2.874495387077331543e-01
2.834804356098175049e-01
2.867175638675689697e-01
2.943072617053985596e-01
3.030366003513336182e-01
3.117778599262237549e-01
3.173166811466217041e-01
3.213189244270324707e-01
3.202907443046569824e-01
3.172579705715179443e-01
3.094333112239837646e-01
3.005833923816680908e-01
2.914671897888183594e-01
2.849897146224975586e-01
2.819826602935791016e-01
2.822147905826568604e-01
2.848291695117950439e-01
2.892115712165832520e-01
2.956723272800445557e-01
3.043681383132934570e-01
3.175580799579620361e-01
3.331674635410308838e-01
3.548455536365509033e-01
3.700749278068542480e-01
3.796869814395904541e-01
3.631700277328491211e-01
3.306275904178619385e-01
2.964424788951873779e-01
2.828918993473052979e-01
2.936500608921051025e-01
3.146201372146606445e-01
3.293282687664031982e-01
3.270746171474456787e-01
3.128155171871185303e-01
2.943679988384246826e-01
2.829227447509765625e-01
2.822731435298919678e-01
2.898421287536621094e-01
3.006441295146942139e-01
3.096558153629302979e-01
3.155577480792999268e-01
3.149091303348541260e-01
3.101905584335327148e-01
3.015732467174530029e-01
2.930264174938201904e-01
2.857418358325958252e-01
2.811766564846038818e-01
2.794649302959442139e-01
2.802322208881378174e-01
2.828304171562194824e-01
2.869033813476562500e-01
2.929866909980773926e-01
3.017648756504058838e-01
3.164571523666381836e-01
3.364822566509246826e-01
3.668512105941772461e-01
3.916658163070678711e-01
4.054873883724212646e-01
3.782481551170349121e-01
3.259477019309997559e-01
2.863048613071441650e-01
2.893005609512329102e-01
3.199627399444580078e-01
3.396977484226226807e-01
3.295789659023284912e-01
3.010163903236389160e-01
2.817237973213195801e-01
2.846607863903045654e-01
3.019200861454010010e-01
3.179123103618621826e-01
3.197665214538574219e-01
3.095784187316894531e-01
2.933421730995178223e-01
2.813602685928344727e-01
2.786607742309570312e-01
2.844765186309814453e-01
2.940860390663146973e-01
3.023028075695037842e-01
3.074064850807189941e-01
3.069008886814117432e-01
3.026505112648010254e-01
2.948338091373443604e-01
2.871406674385070801e-01
2.812257111072540283e-01
2.779137492179870605e-01
2.768772244453430176e-01
2.777077257633209229e-01
2.799108624458312988e-01
2.830330133438110352e-01
2.871939539909362793e-01
2.925173640251159668e-01
3.002290725708007812e-01
3.097478151321411133e-01
3.233092427253723145e-01
3.368753492832183838e-01
3.516456782817840576e-01
3.567099869251251221e-01
3.512633144855499268e-01
3.299512565135955811e-01
3.029678761959075928e-01
2.823493182659149170e-01
2.771597206592559814e-01
2.860458493232727051e-01
3.006859421730041504e-01
3.128141760826110840e-01
3.166468739509582520e-01
3.126880228519439697e-01
3.021810650825500488e-01
2.904605865478515625e-01
2.808941006660461426e-01
2.758090496063232422e-01
2.752437889575958252e-01
2.782092988491058350e-01
2.836790680885314941e-01
2.910645306110382080e-01
3.012974560260772705e-01
3.149753212928771973e-01
3.361805677413940430e-01
3.615408241748809814e-01
3.928409218788146973e-01
4.055657982826232910e-01
3.882736265659332275e-01
3.368757665157318115e-01
2.874330580234527588e-01
2.801392078399658203e-01
3.099815845489501953e-01
3.366332352161407471e-01
3.311543166637420654e-01
3.010271787643432617e-01
2.782821357250213623e-01
2.813178598880767822e-01
3.005102872848510742e-01
3.143207728862762451e-01
3.116744756698608398e-01
2.954381108283996582e-01
2.797948122024536133e-01
2.742848694324493408e-01
2.794041037559509277e-01
2.895937860012054443e-01
2.982198894023895264e-01
3.019691407680511475e-01
2.994509637355804443e-01
2.933900654315948486e-01
2.852378487586975098e-01
2.781048119068145752e-01
2.737208604812622070e-01
2.727308869361877441e-01
2.744129598140716553e-01
2.778819203376770020e-01
2.829124927520751953e-01
2.891829311847686768e-01
2.972604632377624512e-01
3.063336908817291260e-01
3.176886141300201416e-01
3.273047804832458496e-01
3.346614539623260498e-01
3.319905698299407959e-01
3.195149004459381104e-01
2.994881272315979004e-01
2.812229692935943604e-01
2.725743353366851807e-01
2.750448882579803467e-01
2.846946716308593750e-01
2.963531911373138428e-01
3.065098226070404053e-01
3.122718334197998047e-01
3.133873939514160156e-01
3.089837133884429932e-01
3.014867603778839111e-01
2.920065522193908691e-01
2.831795811653137207e-01
2.762210965156555176e-01
2.719691097736358643e-01
2.703150212764739990e-01
2.706742286682128906e-01
2.725439071655273438e-01
2.759653925895690918e-01
2.817948460578918457e-01
2.918498218059539795e-01
3.107635974884033203e-01
3.431199491024017334e-01
4.011138379573822021e-01
4.715497493743896484e-01
5.250304937362670898e-01
4.809029996395111084e-01
3.389976620674133301e-01
2.816385328769683838e-01
3.532902598381042480e-01
3.885026574134826660e-01
3.254064917564392090e-01
2.794957160949707031e-01
3.214243948459625244e-01
3.561182320117950439e-01
3.157161772251129150e-01
2.765802145004272461e-01
2.941864728927612305e-01
3.272863626480102539e-01
3.209575712680816650e-01
2.867135107517242432e-01
2.723838388919830322e-01
2.894182503223419189e-01
3.060900866985321045e-01
2.995530664920806885e-01
2.801931202411651611e-01
2.714726328849792480e-01
2.793366312980651855e-01
2.911401391029357910e-01
2.931355834007263184e-01
2.842994630336761475e-01
2.736039161682128906e-01
2.698141634464263916e-01
2.739741206169128418e-01
2.811447381973266602e-01
2.860331833362579346e-01
2.854834496974945068e-01
2.806152105331420898e-01
2.740193903446197510e-01
2.694411575794219971e-01
2.688459753990173340e-01
2.714097201824188232e-01
2.746397256851196289e-01
2.763043344020843506e-01
2.757681608200073242e-01
2.734939157962799072e-01
2.707095742225646973e-01
2.684576809406280518e-01
2.672626078128814697e-01
2.670544385910034180e-01
2.675476670265197754e-01
2.685887515544891357e-01
2.702066302299499512e-01
2.726650834083557129e-01
2.764577269554138184e-01
2.831032276153564453e-01
2.944335043430328369e-01
3.157310485839843750e-01
3.492338359355926514e-01
4.011387228965759277e-01
4.474265277385711670e-01
4.476972818374633789e-01
3.805384635925292969e-01
2.898850142955780029e-01
2.815352976322174072e-01
3.404334485530853271e-01
3.599202930927276611e-01
3.156245648860931396e-01
2.730005979537963867e-01
2.893577218055725098e-01
3.268923759460449219e-01
3.249643445014953613e-01
2.918716967105865479e-01
2.695171236991882324e-01
2.793997526168823242e-01
3.023443222045898438e-01
3.089823126792907715e-01
2.941012978553771973e-01
2.736855149269104004e-01
2.666390240192413330e-01
2.757772803306579590e-01
2.901168167591094971e-01
2.982253730297088623e-01
2.962360978126525879e-01
2.858213484287261963e-01
2.738215327262878418e-01
2.662950456142425537e-01
2.654351592063903809e-01
2.701579332351684570e-01
2.774622440338134766e-01
2.847686111927032471e-01
2.902990281581878662e-01
2.934006452560424805e-01
2.920022606849670410e-01
2.866473495960235596e-01
2.785991132259368896e-01
2.707550227642059326e-01
2.654733359813690186e-01
2.636820375919342041e-01
2.651102542877197266e-01
2.685213387012481689e-01
2.725416421890258789e-01
2.766572535037994385e-01
2.811970114707946777e-01
2.867990732192993164e-01
2.950707376003265381e-01
3.063682615756988525e-01
3.228443562984466553e-01
3.413133323192596436e-01
3.584713935852050781e-01
3.624581098556518555e-01
3.424792587757110596e-01
3.066247403621673584e-01
2.733100354671478271e-01
2.651765048503875732e-01
2.810813784599304199e-01
3.013034164905548096e-01
3.084761500358581543e-01
2.963913083076477051e-01
2.776770591735839844e-01
2.646699249744415283e-01
2.637046873569488525e-01
2.723900973796844482e-01
2.846917510032653809e-01
2.960120737552642822e-01
3.040155470371246338e-01
3.076513707637786865e-01
3.062127828598022461e-01
2.999250888824462891e-01
2.903271019458770752e-01
2.798861265182495117e-01
2.706217765808105469e-01
2.640625238418579102e-01
2.608617544174194336e-01
2.607779800891876221e-01
2.630035579204559326e-01
2.669274210929870605e-01
2.727787196636199951e-01
2.818128764629364014e-01
2.963268756866455078e-01
3.212831318378448486e-01
3.585907220840454102e-01
4.076957702636718750e-01
4.427788257598876953e-01
4.166589975357055664e-01
3.404552042484283447e-01
2.712271809577941895e-01
2.849839031696319580e-01
3.411182463169097900e-01
3.454098701477050781e-01
2.994809150695800781e-01
2.651823759078979492e-01
2.840001881122589111e-01
3.187571763992309570e-01
3.184037506580352783e-01
2.898210883140563965e-01
2.648350298404693604e-01
2.668101787567138672e-01
2.868751287460327148e-01
3.005375266075134277e-01
2.961993813514709473e-01
2.782132029533386230e-01
2.630828917026519775e-01
2.610276341438293457e-01
2.699297666549682617e-01
2.816765904426574707e-01
2.895933985710144043e-01
2.897302508354187012e-01
2.829889655113220215e-01
2.732651233673095703e-01
2.644846141338348389e-01
2.594521045684814453e-01
2.586099505424499512e-01
2.607583701610565186e-01
2.649741470813751221e-01
2.703450322151184082e-01
2.759746611118316650e-01
2.814857959747314453e-01
2.860468029975891113e-01
2.893941104412078857e-01
2.908460497856140137e-01
2.898932695388793945e-01
2.861469388008117676e-01
2.796882390975952148e-01
2.721233367919921875e-01
2.650743126869201660e-01
2.599979043006896973e-01
2.571679651737213135e-01
2.563031017780303955e-01
2.568850815296173096e-01
2.587183415889739990e-01
2.621122598648071289e-01
2.681946754455566406e-01
2.800209522247314453e-01
3.051704168319702148e-01
3.563020527362823486e-01
4.604853391647338867e-01
5.957478284835815430e-01
6.292468309402465820e-01
4.824475646018981934e-01
2.805655896663665771e-01
3.920921087265014648e-01
4.978381395339965820e-01
3.138994574546813965e-01
3.273116350173950195e-01
4.374796450138092041e-01
3.130001127719879150e-01
2.980291247367858887e-01
3.917928338050842285e-01
3.223434984683990479e-01
2.721609771251678467e-01
3.358017504215240479e-01
3.366036117076873779e-01
2.747943997383117676e-01
2.791077792644500732e-01
3.171608448028564453e-01
2.963793575763702393e-01
2.621353864669799805e-01
2.840754985809326172e-01
3.065344393253326416e-01
2.814214229583740234e-01
2.608891725540161133e-01
2.762322425842285156e-01
2.902260422706604004e-01
2.768061459064483643e-01
2.597391903400421143e-01
2.644610702991485596e-01
2.786503434181213379e-01
2.796375453472137451e-01
2.674459218978881836e-01
2.584574222564697266e-01
2.615517675876617432e-01
2.694462537765502930e-01
2.707732617855072021e-01
2.641455233097076416e-01
2.577418088912963867e-01
2.579957544803619385e-01
2.625772953033447266e-01
2.649235725402832031e-01
2.623190283775329590e-01
2.578192353248596191e-01
2.557686567306518555e-01
2.571728527545928955e-01
2.597456574440002441e-01
2.608742117881774902e-01
2.597028315067291260e-01
2.572594583034515381e-01
2.550931572914123535e-01
2.541383802890777588e-01
2.544203996658325195e-01
2.554340958595275879e-01
2.566724717617034912e-01
2.578564882278442383e-01
2.590495944023132324e-01
2.607480287551879883e-01
2.632688581943511963e-01
2.680636346340179443e-01
2.758283317089080811e-01
2.905032634735107422e-01
3.114788234233856201e-01
3.412401676177978516e-01
3.641315698623657227e-01
3.565737903118133545e-01
3.177514970302581787e-01
2.679840028285980225e-01
2.572141587734222412e-01
2.845821976661682129e-01
3.058995902538299561e-01
2.964206635951995850e-01
2.666197717189788818e-01
2.549346089363098145e-01
2.686813771724700928e-01
2.854867875576019287e-01
2.880505025386810303e-01
2.741561233997344971e-01
2.585560977458953857e-01
2.519896924495697021e-01
2.562609314918518066e-01
2.663621902465820312e-01
2.768850326538085938e-01
2.859644889831542969e-01
2.942753136157989502e-01
3.023577034473419189e-01
3.118742704391479492e-01
3.178794682025909424e-01
3.157745003700256348e-01
3.019164204597473145e-01
2.773868739604949951e-01
2.572773098945617676e-01
2.510008215904235840e-01
2.588714361190795898e-01
2.722153067588806152e-01
2.802368700504302979e-01
2.795499563217163086e-01
2.703598439693450928e-01
2.593793272972106934e-01
2.515096068382263184e-01
2.494530677795410156e-01
2.523411512374877930e-01
2.581340074539184570e-01
2.660758793354034424e-01
2.768231928348541260e-01
2.929431796073913574e-01
3.205507695674896240e-01
3.626097738742828369e-01
4.206553399562835693e-01
4.623524248600006104e-01
4.146903157234191895e-01
3.180203139781951904e-01
2.562257945537567139e-01
3.025472164154052734e-01
3.603094518184661865e-01
3.183219134807586670e-01
2.614406943321228027e-01
2.717136442661285400e-01
3.128367066383361816e-01
3.111589550971984863e-01
2.682940959930419922e-01
2.549046576023101807e-01
2.798058390617370605e-01
2.983327507972717285e-01
2.863217294216156006e-01
2.593344151973724365e-01
2.508923709392547607e-01
2.641723752021789551e-01
2.773048579692840576e-01
2.761047482490539551e-01
2.624088525772094727e-01
2.509497106075286865e-01
2.496331781148910522e-01
2.566627264022827148e-01
2.654586136341094971e-01
2.704416513442993164e-01
2.708266377449035645e-01
2.681717872619628906e-01
2.641693949699401855e-01
2.605102062225341797e-01
2.574515938758850098e-01
2.552520036697387695e-01
2.536098957061767578e-01
2.525034248828887939e-01
2.517807781696319580e-01
2.515561878681182861e-01
2.518165111541748047e-01
2.527925372123718262e-01
2.548355162143707275e-01
2.589027881622314453e-01
2.665440142154693604e-01
2.819562554359436035e-01
3.103444874286651611e-01
3.636459708213806152e-01
4.366782307624816895e-01
4.856753051280975342e-01
4.588152170181274414e-01
3.129969239234924316e-01
2.565316855907440186e-01
3.292491436004638672e-01
3.621888756752014160e-01
3.032841086387634277e-01
2.562744617462158203e-01
2.978798151016235352e-01
3.327921628952026367e-01
2.867710590362548828e-01
2.524270415306091309e-01
2.768590152263641357e-01
3.049725294113159180e-01
2.925204038619995117e-01
2.582130432128906250e-01
2.511006593704223633e-01
2.713361978530883789e-01
2.813805341720581055e-01
2.683403491973876953e-01
2.499798387289047241e-01
2.491169422864913940e-01
2.619719207286834717e-01
2.709747850894927979e-01
2.679215669631958008e-01
2.562073171138763428e-01
2.467081546783447266e-01
2.449758201837539673e-01
2.500814497470855713e-01
2.591234147548675537e-01
2.705436050891876221e-01
2.855443358421325684e-01
3.111997544765472412e-01
3.435228765010833740e-01
3.789117634296417236e-01
3.828679621219635010e-01
3.223662972450256348e-01
2.596636414527893066e-01
2.539892494678497314e-01
2.957151532173156738e-01
3.138367831707000732e-01
2.769728899002075195e-01
2.484381645917892456e-01
2.627413570880889893e-01
2.867233753204345703e-01
2.830978035926818848e-01
2.574509680271148682e-01
2.463072091341018677e-01
2.577612698078155518e-01
2.726660072803497314e-01
2.729627192020416260e-01
2.582556605339050293e-01
2.458259910345077515e-01
2.456196546554565430e-01
2.542815208435058594e-01
2.616717815399169922e-01
2.602065801620483398e-01
2.528110146522521973e-01
2.451736032962799072e-01
2.421389371156692505e-01
2.443699985742568970e-01
2.492839992046356201e-01
2.546614110469818115e-01
2.595601975917816162e-01
2.648430168628692627e-01
2.724672555923461914e-01
2.851613759994506836e-01
3.085973858833312988e-01
3.432895541191101074e-01
3.869974315166473389e-01
4.128297269344329834e-01
3.671008646488189697e-01
2.906093895435333252e-01
2.457114458084106445e-01
2.786176204681396484e-01
3.249377012252807617e-01
3.037708103656768799e-01
2.577560842037200928e-01
2.484140545129776001e-01
2.786601781845092773e-01
2.976027727127075195e-01
2.757490575313568115e-01
2.488957196474075317e-01
2.460157871246337891e-01
2.642311453819274902e-01
2.789829671382904053e-01
2.722696363925933838e-01
2.544789910316467285e-01
2.419857233762741089e-01
2.447529435157775879e-01
2.566149830818176270e-01
2.641886174678802490e-01
2.625671327114105225e-01
2.532570064067840576e-01
2.437246292829513550e-01
2.393040657043457031e-01
2.408348768949508667e-01
2.461834400892257690e-01
2.533852159976959229e-01
2.622337639331817627e-01
2.741004228591918945e-01
2.931305170059204102e-01
3.265905380249023438e-01
3.745120763778686523e-01
4.259957671165466309e-01
4.407721757888793945e-01
3.518452346324920654e-01
2.608642578125000000e-01
2.558760643005371094e-01
3.172523975372314453e-01
3.360902369022369385e-01
2.748394310474395752e-01
2.456769794225692749e-01
2.801364660263061523e-01
3.034143447875976562e-01
2.803683578968048096e-01
2.461426705121994019e-01
2.493151575326919556e-01
2.758918702602386475e-01
2.847996056079864502e-01
2.675008475780487061e-01
2.447131127119064331e-01
2.422621995210647583e-01
2.562902271747589111e-01
2.651568055152893066e-01
2.598251998424530029e-01
2.460856884717941284e-01
2.387048900127410889e-01
2.419839650392532349e-01
2.499250173568725586e-01
2.547436058521270752e-01
2.525966465473175049e-01
2.466556727886199951e-01
2.404221296310424805e-01
2.367017269134521484e-01
2.359957396984100342e-01
2.376989871263504028e-01
2.414896786212921143e-01
2.480907738208770752e-01
2.606185078620910645e-01
2.879742980003356934e-01
3.450209796428680420e-01
4.674482643604278564e-01
6.187638640403747559e-01
6.063867807388305664e-01
4.157272577285766602e-01
2.577830851078033447e-01
4.193969368934631348e-01
4.692341387271881104e-01
2.710622847080230713e-01
3.566665053367614746e-01
4.389156699180603027e-01
2.698487341403961182e-01
3.271111249923706055e-01
4.101904332637786865e-01
2.727571129798889160e-01
2.930726706981658936e-01
3.781026899814605713e-01
2.842231690883636475e-01
2.611504197120666504e-01
3.305900692939758301e-01
2.837015688419342041e-01
2.474551647901535034e-01
