1.486980076879262924e-02 -1.774139329791069031e-02
1.335769295692443848e-01 2.291140705347061157e-01
2.850326895713806152e-01 3.858636617660522461e-01
7.113829255104064941e-01 7.721741795539855957e-01
9.100006222724914551e-01 9.157610535621643066e-01
8.033034205436706543e-02 1.477063149213790894e-01
2.105146944522857666e-01 3.519566655158996582e-01
6.392828226089477539e-01 7.414665818214416504e-01
1.185173749923706055e+00 1.523912668228149414e+00
1.473402500152587891e+00 1.580885767936706543e+00
7.077999413013458252e-02 7.350425422191619873e-02
1.751957982778549194e-01 1.863706558942794800e-01
9.448444247245788574e-01 7.235804200172424316e-01
1.426187992095947266e+00 1.536648392677307129e+00
1.747708439826965332e+00 1.756103992462158203e+00
5.277730822563171387e-01 4.518484473228454590e-01
9.638093113899230957e-01 1.219952344894409180e+00
1.238675832748413086e+00 1.266123056411743164e+00
7.722905874252319336e-01 6.551423668861389160e-01
1.317706227302551270e+00 1.469904780387878418e+00
1.607837677001953125e+00 1.603846073150634766e+00
2.316261827945709229e-02 3.954582288861274719e-02
1.131102815270423889e-01 9.261409938335418701e-02
2.734104394912719727e-01 3.951236605644226074e-01
5.027124285697937012e-01 6.745180487632751465e-01
8.248254060745239258e-01 1.014881372451782227e+00
7.072144746780395508e-02 1.738992184400558472e-01
2.027544081211090088e-01 3.389697670936584473e-01
7.501412034034729004e-01 5.765476822853088379e-01
1.253833293914794922e+00 1.273288965225219727e+00
1.494864702224731445e+00 1.651185035705566406e+00
5.569753423333168030e-02 -2.900118753314018250e-02
1.990434080362319946e-01 9.588102996349334717e-02
8.783302307128906250e-01 1.137657642364501953e+00
1.402089118957519531e+00 1.549475193023681641e+00
1.607700705528259277e+00 1.472067832946777344e+00
5.061062574386596680e-01 5.570879578590393066e-01
8.700663447380065918e-01 9.712553620338439941e-01
1.150733947753906250e+00 1.182253360748291016e+00
8.810107707977294922e-01 9.041829705238342285e-01
1.316086053848266602e+00 1.375458955764770508e+00
1.559298396110534668e+00 1.594184875488281250e+00
-3.442581277340650558e-03 -5.124087259173393250e-02
1.278576701879501343e-01 5.601649358868598938e-02
2.828181982040405273e-01 2.676239609718322754e-01
5.525728464126586914e-01 5.783365964889526367e-01
8.326595425605773926e-01 9.439907670021057129e-01
2.897993102669715881e-02 -6.691046059131622314e-02
1.813849210739135742e-01 1.171193569898605347e-01
8.879380226135253906e-01 1.141829490661621094e+00
1.306007623672485352e+00 1.394358873367309570e+00
1.472299456596374512e+00 1.474459886550903320e+00
1.241720542311668396e-01 2.237675637006759644e-01
3.062238693237304688e-01 1.131041496992111206e-01
9.363684058189392090e-01 9.222282767295837402e-01
1.460975170135498047e+00 1.376151561737060547e+00
1.722575545310974121e+00 1.910462498664855957e+00
3.967605531215667725e-01 5.392947793006896973e-01
9.781047701835632324e-01 1.241433858871459961e+00
1.202225804328918457e+00 1.043664693832397461e+00
9.153664112091064453e-01 1.217849254608154297e+00
1.389156222343444824e+00 1.312268972396850586e+00
1.677013278007507324e+00 1.588799238204956055e+00
2.407568693161010742e-02 2.401380613446235657e-02
1.718574315309524536e-01 3.115821480751037598e-01
4.483107328414916992e-01 4.596992135047912598e-01
5.952916741371154785e-01 5.755985379219055176e-01
9.389948844909667969e-01 8.790901303291320801e-01
8.087109774351119995e-02 1.604133099317550659e-01
2.141697555780410767e-01 1.838593930006027222e-01
8.755833506584167480e-01 9.230287671089172363e-01
1.355068325996398926e+00 1.199264049530029297e+00
1.482743263244628906e+00 1.500939846038818359e+00
1.270823776721954346e-01 8.098582923412322998e-02
2.399570345878601074e-01 1.400332897901535034e-01
1.100896000862121582e+00 1.130423903465270996e+00
1.500940918922424316e+00 1.508238554000854492e+00
1.699218392372131348e+00 1.780277967453002930e+00
6.259354352951049805e-01 7.804563641548156738e-01
9.939249157905578613e-01 1.054906010627746582e+00
1.190356850624084473e+00 1.164438724517822266e+00
1.056015610694885254e+00 1.036460638046264648e+00
1.416398882865905762e+00 1.362057209014892578e+00
1.624480962753295898e+00 1.725636959075927734e+00
2.421780526638031006e-01 2.214193791151046753e-01
4.640472531318664551e-01 6.440721154212951660e-01
6.567226648330688477e-01 5.376414656639099121e-01
7.874833941459655762e-01 6.979022622108459473e-01
9.244565963745117188e-01 1.047756791114807129e+00
9.829879999160766602e-01 1.162928700447082520e+00
8.381911516189575195e-01 9.373565316200256348e-01
1.645469546318054199e+00 1.724244952201843262e+00
2.084175586700439453e+00 2.226530551910400391e+00
2.458642959594726562e+00 2.547796487808227539e+00
2.660893201828002930e+00 2.719387292861938477e+00
2.839120149612426758e+00 3.091940164566040039e+00
1.085523128509521484e+00 1.222134828567504883e+00
2.240153074264526367e+00 2.039189577102661133e+00
2.735880613327026367e+00 2.705644845962524414e+00
3.211804151535034180e+00 2.945411205291748047e+00
3.575651407241821289e+00 3.302223205566406250e+00
3.872625827789306641e+00 3.706549167633056641e+00
1.203746795654296875e+00 1.536648392677307129e+00
2.309037923812866211e+00 2.526121616363525391e+00
3.148877859115600586e+00 3.209133625030517578e+00
3.537144184112548828e+00 3.570447444915771484e+00
3.980492353439331055e+00 4.051378250122070312e+00
4.217855453491210938e+00 4.267462730407714844e+00
1.576931953430175781e+00 1.787266254425048828e+00
3.000375986099243164e+00 2.932023048400878906e+00
3.829066991806030273e+00 4.084523677825927734e+00
4.604454040527343750e+00 4.743752002716064453e+00
5.143610954284667969e+00 5.057084560394287109e+00
5.278456211090087891e+00 5.131490707397460938e+00
1.185896039009094238e+00 1.523912668228149414e+00
2.101427793502807617e+00 2.024411439895629883e+00
2.783772706985473633e+00 2.940379142761230469e+00
3.311359405517578125e+00 3.428570508956909180e+00
3.545892715454101562e+00 3.610107421875000000e+00
3.815482616424560547e+00 3.664227485656738281e+00
7.310754656791687012e-01 7.721741795539855957e-01
1.310403704643249512e+00 1.145420551300048828e+00
1.855438947677612305e+00 1.823115468025207520e+00
2.313378334045410156e+00 2.333834409713745117e+00
2.572335958480834961e+00 2.559053659439086914e+00
2.822034835815429688e+00 2.865720033645629883e+00
3.984835445880889893e-01 8.062018752098083496e-01
6.259059906005859375e-01 8.398528695106506348e-01
8.171625733375549316e-01 8.742777705192565918e-01
9.141660332679748535e-01 9.096348881721496582e-01
9.861676692962646484e-01 9.458504319190979004e-01
1.052842020988464355e+00 9.829259514808654785e-01
1.090228080749511719e+00 1.020860433578491211e+00
1.131958007812500000e+00 1.059564828872680664e+00
1.186419486999511719e+00 1.099209070205688477e+00
1.226960778236389160e+00 1.139702320098876953e+00
6.564122438430786133e-01 2.104876995086669922e+00
1.213472127914428711e+00 2.157706022262573242e+00
1.601335287094116211e+00 2.211180448532104492e+00
2.025219917297363281e+00 2.265520572662353516e+00
2.375473737716674805e+00 2.320587873458862305e+00
2.671612739562988281e+00 2.376360654830932617e+00
2.933356285095214844e+00 2.432814598083496094e+00
3.124938726425170898e+00 2.489795684814453125e+00
3.242757320404052734e+00 2.547531366348266602e+00
3.304449796676635742e+00 2.605865240097045898e+00
6.944329738616943359e-01 2.592015743255615234e+00
1.373673200607299805e+00 2.649428367614746094e+00
1.875766396522521973e+00 2.707353591918945312e+00
2.300666809082031250e+00 2.766024351119995117e+00
2.721126556396484375e+00 2.825288534164428711e+00
3.268614292144775391e+00 2.885118007659912109e+00
3.740438222885131836e+00 2.945482492446899414e+00
3.973701477050781250e+00 3.006216526031494141e+00
4.047636032104492188e+00 3.067558050155639648e+00
4.120525360107421875e+00 3.129337787628173828e+00
7.424356937408447266e-01 3.081534385681152344e+00
1.556041240692138672e+00 3.161750078201293945e+00
2.187417268753051758e+00 3.242088317871093750e+00
2.614732503890991211e+00 3.322869062423706055e+00
3.272789239883422852e+00 3.403874635696411133e+00
3.982925653457641602e+00 3.485064744949340820e+00
4.469501495361328125e+00 3.566398382186889648e+00
4.602552890777587891e+00 3.647651672363281250e+00
5.049565792083740234e+00 3.729144096374511719e+00
5.221179485321044922e+00 3.810651540756225586e+00
7.903836369514465332e-01 3.241189002990722656e+00
1.499171376228332520e+00 3.329163551330566406e+00
2.356868028640747070e+00 3.417083263397216797e+00
3.052776336669921875e+00 3.505285263061523438e+00
3.741151809692382812e+00 3.593516111373901367e+00
4.163700580596923828e+00 3.681718111038208008e+00
4.552776336669921875e+00 3.769833803176879883e+00
4.814215660095214844e+00 3.857609748840332031e+00
5.163700580596923828e+00 3.945380926132202148e+00
5.448019027709960938e+00 4.032892704010009766e+00
2.480000019073486328e+00 2.599149465560913086e+00
3.519999980926513672e+00 3.351737499237060547e+00
4.480000019073486328e+00 4.311681747436523438e+00
5.210000038146972656e+00 5.001110553741455078e+00
5.460000038146972656e+00 5.333028316497802734e+00
5.599999904632568359e+00 5.441472530364990234e+00
2.319999933242797852e+00 2.410525560379028320e+00
2.950000047683715820e+00 3.175760746002197266e+00
3.670000076293945312e+00 4.038810253143310547e+00
4.329999923706054688e+00 4.711503505706787109e+00
4.960000038146972656e+00 5.137312889099121094e+00
5.489999771118164062e+00 5.335478305816650391e+00
2.440000057220458984e+00 2.130009174346923828e+00
3.140000104904174805e+00 3.021790266036987305e+00
3.750000000000000000e+00 3.760061502456665039e+00
4.239999771118164062e+00 4.294662952423095703e+00
4.500000000000000000e+00 4.671406269073486328e+00
4.840000152587890625e+00 4.835656166076660156e+00
1.659999966621398926e+00 1.876157641410827637e+00
2.740000009536743164e+00 2.830486297607421875e+00
3.539999961853027344e+00 3.490986824035644531e+00
3.960000038146972656e+00 3.910624504089355469e+00
4.289999961853027344e+00 4.304285049438476562e+00
4.510000228881835938e+00 4.419155597686767578e+00
